41	3022681|201164|200868|2|855.17|2023-04-20 02:00:00.000000|41|Branch 41|173|Transaction 22681
43	3037846|200138|201402|2|806.2|2021-08-10 15:00:00.000000|43|Branch 43|742|Transaction 37846
5	3045293|201002|201180|1|1229.44|2020-08-16 03:00:00.000000|5|Branch 5|796|Transaction 45293
14	3017397|201066|201144|4|4441.6|2021-10-10 06:00:00.000000|14|Branch 14|491|Transaction 17397
37	3016750|200289|201413|3|2526.2|2022-07-28 00:00:00.000000|37|Branch 37|265|Transaction 16750
20	3020141|200144|200319|3|1498.48|2023-07-08 13:00:00.000000|20|Branch 20|665|Transaction 20141
34	3039836|201137|200095|1|2556.13|2021-09-03 01:00:00.000000|34|Branch 34|986|Transaction 39836
14	3018170|201594|200292|2|2321.85|2021-07-18 21:00:00.000000|14|Branch 14|491|Transaction 18170
50	3048888|201340|200210|3|1649.81|2022-06-04 01:00:00.000000|50|Branch 50|22|Transaction 48888
22	3048575|200503|201417|1|632.38|2021-02-22 19:00:00.000000|22|Branch 22|1155|Transaction 48575
